1154
1352
1428
333
250
558
1307
1294
652
1110
869
1148
1242
553
401
676
1019
1349
1270
423
717
474
755
478
950
323
276
762
472
1044
1084
927
1065
1421
200
455
255
715
163
1016
528
731
1432
683
1222
1314
1422
1292
1098
523
191
1112
1082
762
234
663
1230
115
321
1261
620
1369
482
1371
688
1497
703
115
814
604
633
1162
1378
723
950
319
1448
1009
666
358
594
793
745
1460
915
712
621
858
541
773
427
1294
508
1088
590
771
237
466
1213
1478
1484
437
1482
257
249
254
1051
345
1252
1000
404
1197
1136
1395
1040
774
101
971
1049
903
229
457
1424
1321
1031
722
736
627
1293
137
195
379
1479
906
514
735
891
724
1142
383
467
415
104
358
669
1296
125
815
823
1236
1015
1303
393
1121
1319
862
508
892
1254
127
593
1488
1078
505
1429
1379
333
915
1478
516
1089
1227
345
1234
410
928
1203
1006
1375
479
898
487
220
1341
1235
291
922
616
695
400
154
201
1360
554
145
1038
657
455
609
518
807
487
864
791
479
745
694
1119
1241
758
605
393
976
1125
1238
743
897
1367
848
330
234
406
684
755
667
1414
383
1198
538
1041
996
929
232
305
814
1305
730
862
249
1396
1458
512
736
626
1388
436
1105
1169
1344
1403
418
106
1203
795
439
538
1367
1028
424
1383
316
715
502
876
378
306
895
1081
1295
726
351
586
516
1156
349
816
740
833
1242
774
552
109
206
1143
759
1183
1334
855
439
1101
457
1275
204
1319
435
1009
512
102
576
982
471
604
667
897
1132
943
815
939
852
1398
197
1278
283
818
1286
345
513
174
1162
1452
800
539
614
718
1147
1069
523
122
1410
1317
1148
482
711
1341
676
167
545
504
1014
710
1181
1454
601
952
222
776
411
639
1332
1290
748
1124
1208
512
311
938
333
636
214
120
1440
606
542
1068
1154
